    unsorted:	 410.9385031 410.3189653 412.2569297 415.3332531 417.3935491 419.8772908 421.3441416 423.5170373 424.9748609 405.2810096 402.9967450 401.2926783 399.0634143 397.6426901 395.8957894 427.8026133 432.1005537 391.5020778 388.9865731 386.7579290 386.2188665 435.0806140 437.1292417 438.7427419 382.1295959 441.2220752 376.4773429 447.9278985 371.4050931 366.8722225 468.8221353 479.3577883 346.8710519 334.5118108 521.2880384 537.1575747 559.3702027 555.9112924 573.4821876 576.5695016 580.2392989 588.4375692 588.7067452 596.6060982 604.7833229 609.9879810 613.5401497 617.3842433 626.1586958 630.2425166 635.4209132 638.8035575 644.1975406 652.4601011 303.7416332 667.2219839 672.1495560 279.3318504 272.3736862 685.2982098 692.2466132 698.1687168 701.1044348 711.7480982 714.0268628 252.5076176 235.1043897 228.1914319 732.3030870 206.1682967 203.0445186 187.6712219 176.5768093 177.1685330 165.3497080 153.5270966 143.8009541 133.7978028 124.3909272 113.0855953 95.57405028 103.2055534 87.28447129 84.63257190 81.34572657 78.80209036 73.37647431 74.63011570 66.14241948 63.95322605 751.8624529 43.58443102 767.0967044 772.2009633 30.29595603 32.75926417 28.77355038 785.9330823 16.22504668 9.226321901 829.3652796 863.8094675 924.1894684 1037.169982 1047.319165 1118.280633 1151.539899 1251.343159 1295.358780 1374.418332 1476.222992 1641.867332 1661.419362 2035.771113 2130.252162 2447.584487 2835.453848 3223.231815 3705.117538 3979.420109 4942.204570 11463.65625 21688.26316 250043.1648
      sorted:	 9.226321901 16.22504668 28.77355038 30.29595603 32.75926417 43.58443102 63.95322605 66.14241948 73.37647431 74.63011570 78.80209036 81.34572657 84.63257190 87.28447129 95.57405028 103.2055534 113.0855953 124.3909272 133.7978028 143.8009541 153.5270966 165.3497080 176.5768093 177.1685330 187.6712219 203.0445186 206.1682967 228.1914319 235.1043897 252.5076176 272.3736862 279.3318504 303.7416332 334.5118108 346.8710519 366.8722225 371.4050931 376.4773429 382.1295959 386.2188665 386.7579290 388.9865731 391.5020778 395.8957894 397.6426901 399.0634143 401.2926783 402.9967450 405.2810096 410.3189653 410.9385031 412.2569297 415.3332531 417.3935491 419.8772908 421.3441416 423.5170373 424.9748609 427.8026133 432.1005537 435.0806140 437.1292417 438.7427419 441.2220752 447.9278985 468.8221353 479.3577883 521.2880384 537.1575747 555.9112924 559.3702027 573.4821876 576.5695016 580.2392989 588.4375692 588.7067452 596.6060982 604.7833229 609.9879810 613.5401497 617.3842433 626.1586958 630.2425166 635.4209132 638.8035575 644.1975406 652.4601011 667.2219839 672.1495560 685.2982098 692.2466132 698.1687168 701.1044348 711.7480982 714.0268628 732.3030870 751.8624529 767.0967044 772.2009633 785.9330823 829.3652796 863.8094675 924.1894684 1037.169982 1047.319165 1118.280633 1151.539899 1251.343159 1295.358780 1374.418332 1476.222992 1641.867332 1661.419362 2035.771113 2130.252162 2447.584487 2835.453848 3223.231815 3705.117538 3979.420109 4942.204570 11463.65625 21688.26316 250043.1648
